2.0000 2.0100
2.0200 2.0300
2.0400 2.0500
2.0600 2.0700
2.0800 2.0900
2.1000 2.1100
2.1200 2.1300
2.1400 2.1500
2.1600 2.1700
2.1800 2.1900
2.2000 2.2100
2.2200 2.2300
2.2400 2.2500
2.2600 2.2700
2.2800 2.2900
2.3000 2.3100
2.3200 2.3300
2.3400 2.3500
2.3600 2.3700
2.3800 2.3900
2.4000 2.4100
2.4200 2.4300
2.4400 2.4500
2.4600 2.4700
2.4800 2.4900
2.5000 2.5100
2.5200 2.5300
2.5400 2.5500
2.5600 2.5700
2.5800 2.5900
2.6000 2.6100
2.6200 2.6300
2.6400 2.6500
2.6600 2.6700
2.6800 2.6900
2.7000 2.7100
2.7200 2.7300
2.7400 2.7500
2.7600 2.7700
2.7800 2.7900
2.8000 2.8100
2.8200 2.8300
2.8400 2.8500
2.8600 2.8700
2.8800 2.8900
2.9000 2.9100
2.9200 2.9300
2.9400 2.9500
2.9600 2.9700
2.9800 2.9900
3.0000 3.5080
2.9133 3.1904
3.2007 3.1425
3.1587 3.3944
3.1293 3.3242
3.2317 3.2973
3.7158 3.2272
3.5190 3.3558
3.3608 2.9803
3.5713 3.4043
3.2929 3.3935
3.3705 3.7650
3.1835 3.2989
3.4701 3.7946
3.4816 3.6586
3.5932 3.5928
3.7128 3.9198
3.4974 3.4162
3.5179 3.4262
3.0308 3.4762
3.5393 3.4387
3.4749 3.7718
3.5474 3.5312
3.4112 3.4384
3.5359 3.5880
3.6464 3.9020
3.8526 3.3482
3.9452 3.4031
4.1207 3.6527
3.5314 3.2211
3.5521 3.9464
3.5618 3.5604
3.3943 3.4284
3.5538 3.7478
3.2696 3.8219
3.5985 3.8619
3.7064 3.6251
3.8205 3.8272
4.1375 3.4786
3.6047 3.5067
3.6437 3.6629
3.6820 3.6828
3.6808 3.7418
3.8811 4.0245
3.7351 4.1799
3.9953 4.0709
3.6373 3.4740
3.9113 3.9211
3.5184 3.5676
3.9415 4.0847
4.1550 3.7063
