0.0000 0.0100
0.0200 0.0300
0.0400 0.0500
0.0600 0.0700
0.0800 0.0900
0.1000 0.1100
0.1200 0.1300
0.1400 0.1500
0.1600 0.1700
0.1800 0.1900
0.2000 0.2100
0.2200 0.2300
0.2400 0.2500
0.2600 0.2700
0.2800 0.2900
0.3000 0.3100
0.3200 0.3300
0.3400 0.3500
0.3600 0.3700
0.3800 0.3900
0.4000 0.4100
0.4200 0.4300
0.4400 0.4500
0.4600 0.4700
0.4800 0.4900
0.5000 0.5100
0.5200 0.5300
0.5400 0.5500
0.5600 0.5700
0.5800 0.5900
0.6000 0.6100
0.6200 0.6300
0.6400 0.6500
0.6600 0.6700
0.6800 0.6900
0.7000 0.7100
0.7200 0.7300
0.7400 0.7500
0.7600 0.7700
0.7800 0.7900
0.8000 0.8100
0.8200 0.8300
0.8400 0.8500
0.8600 0.8700
0.8800 0.8900
0.9000 0.9100
0.9200 0.9300
0.9400 0.9500
0.9600 0.9700
0.9800 0.9900
1.0000 1.9269
1.9743 1.9400
2.1529 1.8973
2.1929 1.9808
2.0439 2.1462
2.1305 2.0289
2.1582 1.9576
2.2200 2.2042
2.0964 2.1412
2.2051 2.0806
2.1742 2.1947
2.1695 1.9965
2.1113 1.9536
2.1192 2.0848
2.1605 2.2141
2.2657 2.1747
2.1993 2.3029
2.3376 2.2360
2.3066 2.1538
2.3917 2.1731
2.1689 2.3058
2.2518 2.1060
2.3786 2.3467
2.4483 2.3193
2.3666 2.1873
2.4946 2.5521
2.2832 2.2581
2.4339 2.2267
2.3619 2.3393
2.4418 2.1685
2.3840 2.4042
2.2072 2.3747
2.4598 2.2756
2.3795 2.4355
2.3698 2.5857
2.5116 2.3831
2.4805 2.5665
2.4847 2.5219
2.5368 2.5527
2.3528 2.4237
2.4624 2.3443
2.3701 2.5524
2.5588 2.6217
2.5721 2.4651
2.5465 2.4827
2.6474 2.4159
2.6592 2.6294
2.6632 2.5343
2.6182 2.6007
2.4600 2.6659
2.6680 2.5557
